view_cell_center = [-17.5, -9.5, 2.4]
view_cell_size = [1, 1, 1.0]
depth_range = [0.2625444680452347, 117.78929672241212]
fov = 0.9272952079772949
focal = 800.0000100243174
camera_scale = 1.0
max_depth = 118.75775726141272
